8392	0.00316963	0.0602852	0.286583	0.386974	0.205778	0.0504731	0.00627604	0.000440943	1.97389e-05	6.36265e-07	1.6657e-08	3.97073e-10	9.54617e-12	2.51195e-13	7.61792e-15	2.70908e-16	1.12368e-17	5.37167e-19	2.92565e-20	1.79718e-21	1.23414e-22
19550	0.0252806	0.261729	0.41878	0.227298	0.0583044	0.00795708	0.000619565	3.03272e-05	1.04664e-06	2.85619e-08	6.83801e-10	1.57036e-11	3.7354e-13	9.82023e-15	2.98263e-16	1.06275e-17	4.41733e-19	2.11638e-20	1.1554e-21	7.11526e-23	4.89897e-24
34403	0.00395453	0.0663189	0.270068	0.36048	0.21744	0.0681706	0.0121057	0.00135034	0.000105756	6.45593e-06	3.37032e-07	1.63364e-08	7.92479e-10	4.11131e-11	2.39033e-12	1.58543e-13	1.19546e-14	1.01451e-15	9.59493e-17	1.00265e-17	1.14889e-18
51575	0.000767742	0.0145861	0.0893763	0.238417	0.331942	0.232221	0.0781279	0.0132418	0.00124497	7.24734e-05	2.92163e-06	9.15989e-08	2.53135e-09	7.00492e-11	2.14621e-12	7.62786e-14	3.15711e-15	1.5057e-16	8.18045e-18	5.01197e-19	3.43191e-20
68739	8.33372e-08	2.10469e-06	2.67432e-05	0.000228308	0.00147566	0.00768841	0.0326759	0.105935	0.230916	0.300915	0.217547	0.0838375	0.0168806	0.00176921	9.90456e-05	3.21477e-06	6.95652e-08	1.12518e-09	1.35774e-11	1.09396e-13	4.40889e-16
79066	0.0131075	0.368755	0.488993	0.11848	0.0102163	0.000436671	1.15095e-05	2.22505e-07	3.62394e-09	5.45743e-11	7.94867e-13	1.13065e-14	1.55561e-16	2.03163e-18	2.46e-20	2.68594e-22	2.55515e-24	2.02251e-26	1.24322e-28	5.25504e-31	1.14183e-33
89272	0.0291609	0.472978	0.405511	0.0846389	0.00735591	0.000344452	1.02731e-05	2.23127e-07	3.95371e-09	6.23909e-11	9.26421e-13	1.32502e-14	1.82413e-16	2.38088e-18	2.88049e-20	3.14223e-22	2.98637e-24	2.36145e-26	1.45001e-28	6.12212e-31	1.32861e-33
101949	0.00174081	0.0444223	0.33868	0.439408	0.152413	0.0215498	0.0016881	9.3354e-05	4.33924e-06	1.85444e-07	7.45591e-09	2.80093e-10	9.68685e-12	3.03178e-13	8.42001e-15	2.02621e-16	4.09666e-18	6.66611e-20	8.16941e-22	6.69224e-24	2.74488e-26
112944	0.00259178	0.271295	0.560531	0.15561	0.00979604	0.000174385	1.03411e-06	2.33479e-09	2.28316e-12	1.11334e-15	3.12369e-19	5.71009e-23	7.46745e-27	7.46169e-31	5.97046e-35	3.95538e-39	2.19929e-43	9.99067e-48	3.50222e-52	9.10947e-57	1.46138e-61
126522	0.000671436	0.1185	0.571522	0.283018	0.0257139	0.00057083	3.81112e-06	9.033e-09	8.88528e-12	4.27591e-15	1.18128e-18	2.1364e-22	2.77619e-26	2.76208e-30	2.20259e-34	1.45552e-38	8.07993e-43	3.66594e-47	1.28385e-51	3.34319e-56	5.38169e-61
139549	0.000666539	0.0918421	0.469407	0.370173	0.0649325	0.00293935	3.96039e-05	1.81542e-07	3.23909e-10	2.60712e-13	1.10155e-16	2.80091e-20	4.78202e-24	5.95281e-28	5.74132e-32	4.48018e-36	2.88564e-40	1.49849e-44	5.94207e-49	1.73858e-53	3.12588e-58
152543	0.000309039	0.0545479	0.379739	0.440318	0.117117	0.00782088	0.000147463	8.90023e-07	1.95493e-09	1.7959e-12	7.96079e-16	1.94746e-19	2.96705e-23	3.14171e-27	2.53982e-31	1.67467e-35	9.25116e-40	4.17593e-44	1.45494e-48	3.77499e-53	6.06554e-58
162727	0.000297411	0.0522426	0.36237	0.433141	0.13748	0.0139413	0.000519152	7.85068e-06	5.21715e-08	1.65229e-10	2.72228e-13	2.53462e-16	1.42634e-19	5.10074e-23	1.20011e-26	1.89284e-30	1.98865e-34	1.32792e-38	5.38567e-43	1.41573e-47	2.26457e-52
182476	0.000295999	0.052096	0.362059	0.433555	0.137708	0.0137989	0.000481353	6.10414e-06	2.94612e-08	5.87793e-11	5.38969e-14	2.51792e-17	6.53892e-21	1.01867e-24	1.03071e-28	7.44024e-33	4.19063e-37	1.89166e-41	6.57787e-46	1.70335e-50	2.73169e-55
192544	0.0061842	0.360186	0.522288	0.106239	0.0050324	6.95602e-05	3.34496e-07	6.47896e-10	5.79038e-13	2.73639e-16	7.76925e-20	1.47327e-23	2.02087e-27	2.12747e-31	1.79843e-35	1.26266e-39	7.46636e-44	3.61707e-48	1.35573e-52	3.79291e-57	6.58715e-62
206872	0.00198324	0.230366	0.564703	0.188329	0.0143085	0.000307345	2.18639e-06	5.84371e-09	6.61455e-12	3.61715e-15	1.09647e-18	2.08985e-22	2.77536e-26	2.77576e-30	2.21158e-34	1.45842e-38	8.0812e-43	3.66065e-47	1.28006e-51	3.3313e-56	5.36458e-61
220025	0.00417701	0.31268	0.544861	0.130945	0.00722259	0.000113964	6.08385e-07	1.26338e-09	1.16734e-12	5.53519e-16	1.54768e-19	2.8654e-23	3.82577e-27	3.91572e-31	3.21497e-35	2.18943e-39	1.25385e-43	5.87503e-48	2.12698e-52	5.73078e-57	9.55307e-62
238078	0.00931871	0.356985	0.509327	0.117516	0.00673781	0.000115369	6.81283e-07	1.56438e-09	1.57137e-12	7.87424e-16	2.25611e-19	4.17522e-23	5.4892e-27	5.49346e-31	4.39661e-35	2.91279e-39	1.61983e-43	7.3605e-48	2.581e-52	6.71427e-57	1.077e-61
248110	0.14796	0.588357	0.225154	0.0351025	0.00320755	0.000208523	1.10426e-05	5.22991e-07	2.32898e-08	9.89049e-10	3.98165e-11	1.49925e-12	5.19821e-14	1.6313e-15	4.54347e-17	1.09667e-18	2.22447e-20	3.63219e-22	4.4678e-24	3.67449e-26	1.51357e-28
261904	0.0523339	0.429915	0.389498	0.11196	0.0150623	0.00116822	5.97461e-05	2.21062e-06	6.30396e-08	1.44965e-09	2.79569e-11	4.69884e-13	7.11596e-15	9.89483e-17	1.26206e-18	1.44921e-20	1.45106e-22	1.21034e-24	7.84982e-27	3.50548e-29	8.05798e-32
273885	0.12072	0.626784	0.22493	0.0260078	0.00150217	5.47845e-05	1.47972e-06	3.30573e-08	6.52054e-10	1.17109e-11	1.94164e-13	2.9978e-15	4.3333e-17	5.85201e-19	7.28975e-21	8.18303e-23	8.00785e-25	6.52537e-27	4.13272e-29	1.80141e-31	4.04005e-34
286033	0.000497206	0.01268	0.130809	0.376316	0.335886	0.120343	0.0211743	0.00214317	0.000143644	7.26706e-06	3.08729e-07	1.17225e-08	4.05111e-10	1.26448e-11	3.50113e-13	8.39807e-15	1.69217e-16	2.74354e-18	3.34932e-20	2.73248e-22	1.11586e-24
299500	0.00543895	0.876175	0.117759	0.000626555	4.42936e-07	7.42225e-11	4.48901e-15	1.36665e-19	2.70763e-24	4.23491e-29	6.05408e-34	8.88048e-39	1.46498e-43	2.88692e-48	6.91087e-53	1.96185e-57	6.28698e-62	2.13116e-66	7.00648e-71	1.94734e-75	3.37304e-80
312678	0.00637653	0.85326	0.139326	0.00103705	1.08091e-06	2.67492e-10	2.30945e-14	9.51661e-19	2.41624e-23	4.6304e-28	7.84438e-33	1.32961e-37	2.48026e-42	5.40937e-47	1.40288e-51	4.23479e-56	1.42242e-60	5.00068e-65	1.69181e-69	4.81024e-74	8.48439e-79
323427	0.00808865	0.891784	0.09964	0.000487094	3.25659e-07	5.08113e-11	2.7381e-15	7.06903e-20	1.15332e-24	1.48963e-29	1.80904e-34	2.34117e-39	3.51988e-44	6.44324e-49	1.4425e-53	3.8337e-58	1.1506e-62	3.65716e-67	1.12951e-71	2.95569e-76	4.83154e-81
342634	0.0115982	0.912722	0.0753943	0.00028564	1.57286e-07	2.17034e-11	1.11433e-15	2.93622e-20	5.16264e-25	7.4376e-30	1.02203e-34	1.49658e-39	2.52796e-44	5.15102e-49	1.2718e-53	3.69655e-58	1.20468e-62	4.13275e-67	1.37062e-71	3.83462e-76	6.67648e-81
355021	0.0316188	0.916191	0.0520337	0.000156908	7.18765e-08	8.29988e-12	3.54474e-16	7.74793e-21	1.13817e-25	1.3917e-30	1.65425e-35	2.13314e-40	3.22093e-45	5.93702e-50	1.33848e-54	3.57912e-59	1.07984e-63	3.44801e-68	1.06935e-72	2.80917e-77	4.60926e-82
370481	0.00436486	0.838842	0.15583	0.000962472	6.93439e-07	1.06134e-10	5.33282e-15	1.264e-19	1.91692e-24	2.36361e-29	2.81055e-34	3.61969e-39	5.45911e-44	1.00529e-48	2.26431e-53	6.0487e-58	1.82286e-62	5.81325e-67	1.8004e-71	4.72251e-76	7.7359e-81
388316	0.00648822	0.862528	0.130106	0.000877219	8.14781e-07	1.76016e-10	1.29262e-14	4.41493e-19	9.12885e-24	1.41678e-28	1.9523e-33	2.72297e-38	4.25066e-43	7.90767e-48	1.78159e-52	4.74674e-57	1.42593e-61	4.53229e-66	1.39886e-70	3.65614e-75	5.96671e-80
401055	0.00519378	0.875663	0.118541	0.000602117	3.87161e-07	5.58283e-11	2.73627e-15	6.44524e-20	9.77212e-25	1.2035e-29	1.4261e-34	1.82834e-39	2.74525e-44	5.03605e-49	1.13078e-53	3.01319e-58	9.06301e-63	2.88588e-67	8.92726e-72	2.33951e-76	3.82965e-81
416924	0.00356647	0.702156	0.287965	0.00629532	1.7964e-05	1.00495e-08	1.57568e-12	9.53963e-17	2.94402e-21	5.86993e-26	9.22558e-31	1.35132e-35	2.11734e-40	3.89329e-45	8.66665e-50	2.28783e-54	6.82363e-59	2.15634e-63	6.62327e-68	1.72394e-72	2.80316e-77
429357	0.00407736	0.79461	0.199485	0.00182518	2.01517e-06	4.78732e-10	3.6796e-14	1.26077e-18	2.50393e-23	3.60101e-28	4.52949e-33	5.80709e-38	8.4852e-43	1.50503e-47	3.27902e-52	8.5312e-57	2.51918e-61	7.90701e-66	2.41777e-70	6.27525e-75	1.01874e-79
468465	8.14555e-08	2.05729e-06	2.61426e-05	0.000223193	0.00144209	0.00747533	0.0311207	0.0975023	0.208814	0.282182	0.22893	0.108269	0.0292176	0.00441081	0.000366565	1.68114e-05	4.47216e-07	7.69299e-09	9.32336e-11	7.50285e-13	3.01985e-15
479794	0.000171939	0.00362061	0.0368861	0.17805	0.347581	0.289768	0.115869	0.0247128	0.00308163	0.000245394	1.37058e-05	5.91433e-07	2.13796e-08	6.76639e-10	1.88628e-11	4.5524e-13	9.23169e-15	1.50689e-16	1.85277e-18	1.52298e-20	6.26926e-23
498748	1.65001e-06	4.18571e-05	0.000534084	0.00457043	0.0285043	0.118377	0.27503	0.322114	0.18668	0.054839	0.00852171	0.000744072	3.98698e-05	1.47599e-06	4.25151e-08	1.01961e-09	2.04092e-11	3.28469e-13	3.97882e-15	3.21938e-17	1.30326e-19
517090	2.98908e-19	6.70223e-16	8.3116e-13	6.7221e-10	2.86694e-07	4.7704e-05	0.00261612	0.0450206	0.243329	0.420531	0.238786	0.0463277	0.00325142	8.90371e-05	1.03295e-06	5.42829e-09	1.32532e-11	1.43995e-14	6.27773e-18	1.05238e-21	7.893e-26
536443	1.54337e-19	3.70449e-16	4.98125e-13	4.43891e-10	2.12467e-07	4.02437e-05	0.00249856	0.0469577	0.260938	0.432185	0.219531	0.0358054	0.00200202	4.17855e-05	3.57852e-07	1.37095e-09	2.49183e-12	2.17245e-15	8.76909e-19	1.61812e-22	1.41185e-26
556122	9.89548e-19	2.46281e-15	3.42985e-12	3.12846e-09	1.43507e-06	0.00022785	0.0101766	0.121525	0.395077	0.364157	0.0999255	0.00865186	0.000254866	2.81811e-06	1.31423e-08	2.91215e-11	3.36294e-14	2.06966e-17	6.42161e-21	9.63177e-25	7.08848e-29
575144	2.3171e-18	5.7687e-15	8.0377e-12	7.34491e-09	3.32296e-06	0.000492192	0.0190037	0.182123	0.445572	0.29368	0.0557405	0.00331563	6.92155e-05	5.84023e-07	2.30071e-09	4.72714e-12	5.34955e-15	3.2876e-18	1.02153e-21	1.53476e-25	1.13168e-29
589878	9.91135e-19	2.46665e-15	3.43578e-12	3.14777e-09	1.46709e-06	0.000237749	0.0107409	0.127566	0.404598	0.35703	0.0922099	0.00741291	0.000201217	2.05478e-06	8.9887e-09	1.91802e-11	2.18539e-14	1.34231e-17	4.16549e-21	6.2499e-25	4.60203e-29
599897	4.04629e-18	9.77533e-15	1.32013e-11	1.12647e-08	4.42767e-06	0.000558044	0.0190481	0.172221	0.427471	0.307404	0.0681467	0.00501136	0.000133954	1.45364e-06	7.19629e-09	1.79573e-11	2.39387e-14	1.69323e-17	5.95002e-21	9.97256e-25	8.1125e-29
613633	6.94596e-17	1.29357e-13	1.25491e-10	7.08004e-08	1.78322e-05	0.00147271	0.0344815	0.225839	0.431102	0.254221	0.0493836	0.00339251	8.95683e-05	1.00175e-06	5.25512e-09	1.41128e-11	2.03988e-14	1.56925e-17	6.00295e-21	1.09504e-24	9.68433e-29
630324	2.33057e-19	5.2617e-16	6.58273e-13	5.3828e-10	2.32814e-07	3.94894e-05	0.00222577	0.0398215	0.2268	0.418198	0.2554	0.0533827	0.00401555	0.00011651	1.40761e-06	7.52954e-09	1.81937e-11	1.8964e-14	7.75959e-18	1.24861e-21	9.37019e-26
644579	5.74591e-05	0.00146314	0.0182106	0.111921	0.290575	0.33071	0.182857	0.0539814	0.00918869	0.000965021	6.70204e-05	3.32877e-06	1.28531e-07	4.13562e-09	1.14803e-10	2.74427e-12	5.50567e-14	8.88542e-16	1.07946e-17	8.76116e-20	3.55823e-22
662202	6.3145e-05	0.00105327	0.008283	0.039793	0.124369	0.246101	0.290436	0.196086	0.0749923	0.0164841	0.00215289	0.000176342	9.80566e-06	4.07737e-07	1.37799e-08	3.92762e-10	9.34515e-12	1.78443e-13	2.55996e-15	2.44933e-17	1.17089e-19
672660	4.21884e-05	0.00107396	0.0135779	0.0922726	0.27394	0.345712	0.202052	0.0602669	0.00999551	0.000998443	6.53812e-05	3.08641e-06	1.15465e-07	3.66739e-09	1.015e-10	2.42601e-12	4.86867e-14	7.86013e-16	9.55253e-18	7.75611e-20	3.15134e-22
688999	1.15936e-05	0.000277156	0.00332648	0.0247487	0.105637	0.24121	0.298428	0.209958	0.0884663	0.0233811	0.00403908	0.000474298	3.93929e-05	2.40788e-06	1.12151e-07	4.06826e-09	1.15177e-10	2.49011e-12	3.89891e-14	3.95849e-16	1.96382e-18
700026	6.40585e-06	0.000162765	0.00207957	0.0174285	0.0917272	0.253029	0.335038	0.215637	0.0708957	0.0126144	0.00129451	8.28481e-05	3.6511e-06	1.23346e-07	3.45941e-09	8.26931e-11	1.65664e-12	2.66936e-14	3.23748e-16	2.62297e-18	1.06329e-20
717663	1.54545e-09	5.27138e-07	7.96201e-05	0.00423578	0.0675399	0.309197	0.41656	0.175859	0.0251747	0.00132546	2.77805e-05	2.51793e-07	1.09378e-09	2.62853e-12	4.20995e-15	5.39932e-18	6.17424e-21	6.33703e-24	5.47963e-27	3.51842e-30	1.24769e-33
735369	7.25919e-10	2.90335e-07	5.29866e-05	0.00347678	0.0653708	0.320467	0.423109	0.165272	0.0212407	0.000992361	1.84651e-05	1.49995e-07	5.94015e-10	1.33128e-12	2.03469e-15	2.52957e-18	2.82073e-21	2.82511e-24	2.38272e-27	1.49143e-30	5.15281e-34
746930	6.58116e-09	2.56016e-06	0.000424416	0.018797	0.186837	0.443833	0.287227	0.0584615	0.00428822	0.000128084	1.73424e-06	1.17311e-08	4.38345e-11	1.02162e-13	1.71859e-16	2.39472e-19	2.98181e-22	3.30371e-25	3.05589e-28	2.08268e-31	7.78699e-35
758488	3.71995e-09	1.48954e-06	0.000244952	0.0114493	0.133455	0.402562	0.346876	0.0956494	0.00939478	0.00036134	5.92087e-06	4.49028e-08	1.73808e-10	3.91646e-13	6.07027e-16	7.61718e-19	8.51908e-22	8.53629e-25	7.20049e-28	4.50759e-31	1.55756e-34
775015	1.10655e-09	4.42772e-07	8.04646e-05	0.00499813	0.0829668	0.350267	0.403151	0.141042	0.0167367	0.000743556	1.35106e-05	1.09549e-07	4.39571e-10	1.00354e-12	1.55619e-15	1.9475e-18	2.17479e-21	2.17814e-24	1.83679e-27	1.14954e-30	3.97104e-34
787048	1.3406e-06	3.39982e-05	0.000433691	0.00371341	0.023485	0.102729	0.259337	0.330881	0.205395	0.0630726	0.00999622	0.000872394	4.61953e-05	1.68942e-06	4.83687e-08	1.1584e-09	2.31854e-11	3.73164e-13	4.52043e-15	3.65779e-17	1.48081e-19
799505	6.70794e-08	3.86368e-06	0.000106116	0.00171922	0.0160564	0.0806534	0.212845	0.301766	0.239375	0.110581	0.0308551	0.00538528	0.000606029	4.48528e-05	2.1993e-06	7.11587e-08	1.49114e-09	1.9326e-11	1.42684e-13	5.57469e-16	1.04752e-18
813056	3.48398e-09	2.12888e-07	6.53513e-06	0.000129277	0.00168681	0.0136673	0.0650677	0.178517	0.283188	0.26159	0.141476	0.0450924	0.00853971	0.000969016	6.64902e-05	2.79092e-06	7.2203e-08	1.12964e-09	1.00071e-11	4.6827e-14	1.05145e-16
830592	1.13237e-10	8.20632e-09	2.99518e-07	7.08178e-06	0.000113072	0.00119591	0.00828732	0.0378705	0.114447	0.224845	0.278327	0.210581	0.0951032	0.0251095	0.00378441	0.000315188	1.37809e-05	2.8992e-07	2.59993e-09	9.58617e-12	1.59975e-14
846046	1.23275e-05	0.000258754	0.00273059	0.0180014	0.0726884	0.175548	0.258354	0.240666	0.147589	0.061659	0.0180513	0.00378948	0.000581201	6.60867e-05	5.62698e-06	3.5997e-07	1.71857e-08	5.9867e-10	1.44803e-11	2.18751e-13	1.56257e-15
860307	1.19256e-05	0.000634026	0.0141498	0.109778	0.310145	0.34958	0.17104	0.0396137	0.00472051	0.000313811	1.26615e-05	3.39368e-07	6.6129e-09	1.01276e-10	1.29141e-12	1.41603e-14	1.33426e-16	1.04339e-18	6.33113e-21	2.63958e-23	5.65206e-26
873560	1.3314e-06	7.06512e-05	0.00174714	0.0208682	0.11898	0.303258	0.337704	0.170441	0.0414022	0.00516007	0.00035223	1.41268e-05	3.60121e-07	6.37352e-09	8.5975e-11	9.54714e-13	8.99282e-15	7.01615e-17	4.24647e-19	1.76569e-21	3.77013e-24
884198	1.7981e-05	0.000430293	0.00513563	0.0358422	0.134367	0.264699	0.286692	0.181245	0.0705587	0.0176791	0.00295991	0.000342732	2.84001e-05	1.74249e-06	8.15934e-08	2.97333e-09	8.44595e-11	1.8304e-12	2.87113e-14	2.91906e-16	1.44975e-18
898495	4.37562e-13	4.39161e-10	2.4403e-07	6.24847e-05	0.00467004	0.0867292	0.383701	0.406904	0.109514	0.00822367	0.000194012	1.64515e-06	5.77697e-09	9.69575e-12	9.06562e-15	5.62361e-18	2.75946e-21	1.19119e-24	4.45835e-28	1.2818e-31	2.09937e-35
909617	7.27707e-13	7.31071e-10	4.06741e-07	0.000103729	0.007419	0.121198	0.434955	0.357992	0.0739534	0.00429827	7.99568e-05	5.48018e-07	1.6037e-09	2.32908e-12	1.97149e-15	1.16067e-18	5.60075e-22	2.41328e-25	9.0382e-29	2.60044e-32	4.26216e-36
925032	2.84875e-12	2.86588e-09	1.58511e-06	0.000366536	0.0199595	0.216666	0.485135	0.24531	0.0313927	0.00115432	1.40209e-05	6.56559e-08	1.39964e-10	1.6117e-13	1.18922e-16	6.61059e-20	3.14763e-23	1.35616e-26	5.08719e-30	1.46618e-33	2.4074e-37
939703	6.43362e-12	6.47476e-09	3.57378e-06	0.000780185	0.0359145	0.299433	0.481463	0.167547	0.0144918	0.000364271	3.16991e-06	1.1528e-08	2.10126e-11	2.24734e-14	1.61937e-17	8.96964e-21	4.27625e-24	1.84586e-27	6.93781e-31	2.0037e-34	3.29721e-38
958487	5.14762e-12	5.18042e-09	2.84674e-06	0.00061816	0.0294439	0.266888	0.485749	0.196665	0.0200372	0.000589596	5.84457e-06	2.31843e-08	4.41124e-11	4.78507e-14	3.45674e-17	1.91425e-20	9.11982e-24	3.93323e-27	1.47695e-30	4.26136e-34	7.00513e-38
977570	2.92247e-12	2.94052e-09	1.61447e-06	0.000362135	0.019197	0.208065	0.479207	0.256213	0.0354955	0.0014394	1.9511e-05	1.02181e-07	2.40975e-10	2.99443e-13	2.30846e-16	1.30503e-19	6.23424e-23	2.6848e-26	1.00617e-29	2.89713e-33	4.75245e-37
987576	0.000200355	0.00282937	0.018254	0.0695289	0.168104	0.259943	0.253451	0.153888	0.0579752	0.0136103	0.00201291	0.000191277	1.20861e-05	5.36524e-07	1.79741e-08	4.84115e-10	1.07318e-11	1.91143e-13	2.56752e-15	2.30891e-17	1.04124e-19
1002853	9.32658e-08	1.03411e-05	0.000555659	0.0126311	0.10557	0.318843	0.360942	0.16501	0.0331169	0.00316062	0.000155236	4.26987e-06	7.20539e-08	8.1513e-10	6.6341e-12	4.07413e-14	1.9578e-16	7.53805e-19	2.27648e-21	4.84742e-24	5.43915e-27
1020653	3.90107e-08	4.32073e-06	0.000237535	0.00624721	0.0690901	0.282223	0.398598	0.201073	0.039173	0.00322734	0.000124238	2.51205e-06	3.0634e-08	2.60282e-10	1.7266e-12	9.47059e-15	4.35602e-17	1.66233e-19	5.02472e-22	1.07204e-24	1.2054e-27
1031323	2.93618e-07	3.25768e-05	0.00171274	0.0332907	0.204214	0.40408	0.276317	0.0719989	0.00793308	0.000410121	1.11067e-05	1.78041e-07	1.91952e-09	1.55684e-11	1.02232e-13	5.60733e-16	2.58278e-18	9.87185e-21	2.98891e-23	6.38806e-26	7.19603e-29
1049447	6.59507e-07	1.67135e-05	0.000213058	0.00182006	0.0113872	0.0505425	0.146084	0.25843	0.273717	0.173636	0.0664086	0.015387	0.00216279	0.000184619	9.66577e-06	3.20987e-07	7.22803e-09	1.18661e-10	1.43382e-12	1.1554e-14	4.65708e-17
1061368	0.000158399	0.00403668	0.0445415	0.189924	0.330736	0.273072	0.120768	0.0311894	0.00500738	0.000525746	3.79071e-05	1.98188e-06	7.98821e-08	2.63186e-09	7.36473e-11	1.76282e-12	3.53612e-14	5.70509e-16	6.92867e-18	5.62158e-20	2.28232e-22
1078496	5.77016e-09	1.44932e-07	1.83223e-06	1.55676e-05	0.000100187	0.000522002	0.002298	0.00876967	0.029013	0.0799359	0.169824	0.254502	0.248305	0.14728	0.0497467	0.00888873	0.00076821	2.92288e-05	4.782e-07	3.9342e-09	1.57865e-11
1090949	1.58108e-09	5.6423e-06	0.00218578	0.0992685	0.506212	0.349221	0.0419869	0.00111179	7.95989e-06	1.86299e-08	1.72775e-11	7.78618e-15	2.09092e-18	3.97463e-22	5.99499e-26	7.6294e-30	8.48465e-34	8.40575e-38	7.25477e-42	4.90964e-46	1.94815e-50
1103000	7.57827e-09	2.69357e-05	0.00728163	0.185169	0.545319	0.241117	0.0206561	0.000427664	2.59036e-06	5.47378e-09	4.81861e-12	2.1301e-15	5.69978e-19	1.08369e-22	1.63418e-26	2.0788e-30	2.31206e-34	2.29257e-38	1.98139e-42	1.34289e-46	5.33617e-51
1121521	1.16687e-09	4.05282e-06	0.00152077	0.0713588	0.434321	0.412484	0.076804	0.00346126	4.53807e-05	2.04496e-07	3.72754e-10	3.24804e-13	1.59596e-16	5.10489e-20	1.17993e-23	2.10953e-27	3.06824e-31	3.76758e-35	3.8792e-39	3.0471e-43	1.37496e-47
1133102	4.55255e-09	1.53267e-05	0.00446805	0.136733	0.515992	0.305406	0.0362997	0.00107616	9.59313e-06	3.04644e-08	4.07171e-11	2.71946e-14	1.07578e-17	2.92006e-21	6.04059e-25	1.01543e-28	1.44617e-32	1.78963e-36	1.88978e-40	1.53705e-44	7.21842e-49
1152666	5.90886e-10	2.11387e-06	0.000831654	0.0451209	0.357237	0.468807	0.120621	0.00725898	0.000121011	6.56389e-07	1.35978e-09	1.26859e-12	6.27105e-16	1.89211e-19	3.87166e-23	5.80673e-27	6.87573e-31	6.89546e-35	5.94626e-39	4.01587e-43	1.58966e-47
1171224	1.1811e-09	4.23098e-06	0.0016522	0.0802529	0.469792	0.388887	0.0574994	0.00189589	1.69391e-05	4.89812e-08	5.46905e-11	2.84217e-14	8.34002e-18	1.64995e-21	2.51486e-25	3.20044e-29	3.55483e-33	3.52106e-37	3.04064e-41	2.05905e-45	8.17369e-50
1184632	2.04904e-09	7.12442e-06	0.00257861	0.104182	0.496746	0.348705	0.0463115	0.00145568	1.31419e-05	4.06278e-08	5.11477e-11	3.1371e-14	1.12063e-17	2.72457e-21	5.04445e-25	7.62013e-29	9.8133e-33	1.10551e-36	1.06964e-40	8.0201e-45	3.49143e-49
1204242	2.0243e-08	6.71919e-05	0.0128567	0.239249	0.542076	0.191915	0.0135947	0.000239411	1.26789e-06	2.4111e-09	1.96902e-12	8.31555e-16	2.17676e-19	4.10811e-23	6.18818e-27	7.87738e-31	8.77016e-35	8.70481e-39	7.53035e-43	5.10847e-47	2.03187e-51
1222840	8.43324e-08	0.000143457	0.0181516	0.265956	0.527036	0.175975	0.0125039	0.0002332	1.37256e-06	3.01989e-09	2.93487e-12	1.494e-15	4.70362e-19	1.05475e-22	1.859e-26	2.72991e-30	3.46492e-34	3.88297e-38	3.76362e-42	2.84377e-46	1.2539e-50
1235038	0.00874072	0.210179	0.476696	0.246681	0.0514658	0.00578746	0.000424998	2.36759e-05	1.12161e-06	4.84081e-08	1.95178e-09	7.33677e-11	2.53804e-12	7.94545e-14	2.20721e-15	5.31293e-17	1.0745e-18	1.74899e-20	2.14415e-22	1.7571e-24	7.2098e-27
1247821	0.0613305	0.910545	0.0280992	2.47894e-05	2.106e-09	3.79334e-14	2.53053e-19	9.28282e-25	2.47082e-30	5.82825e-36	1.42399e-41	4.11896e-47	1.56039e-52	8.04148e-58	5.50567e-63	4.76872e-68	4.97923e-73	5.95456e-78	7.54201e-83	8.79277e-88	6.90326e-93
1258133	0.0527621	0.908417	0.0387794	4.15186e-05	3.86028e-09	6.82182e-14	4.01399e-19	1.22809e-24	2.78631e-30	6.10212e-36	1.54203e-41	4.99868e-47	2.17047e-52	1.25444e-57	9.32407e-63	8.55222e-68	9.30818e-73	1.14808e-77	1.48742e-82	1.76225e-87	1.39951e-92
1273301	0.202705	0.781063	0.0162189	1.35728e-05	1.25441e-09	2.47552e-14	1.68619e-19	5.90319e-25	1.49173e-30	3.56317e-36	9.69987e-42	3.34803e-47	1.52632e-52	9.13806e-58	6.96428e-63	6.50541e-68	7.17942e-73	8.9496e-78	1.16839e-82	1.39129e-87	1.10833e-92
1291910	0.129232	0.849127	0.0216216	1.9466e-05	1.80095e-09	3.39758e-14	2.15082e-19	6.94901e-25	1.65068e-30	3.8479e-36	1.064e-41	3.84014e-47	1.85831e-52	1.18723e-57	9.66527e-63	9.64654e-68	1.13814e-72	1.51805e-77	2.12241e-82	2.70934e-87	2.31681e-92
1303535	0.0493638	0.875342	0.0751352	0.000158865	2.41783e-08	5.82908e-13	3.97529e-18	1.24799e-23	2.75584e-29	5.9547e-35	1.54521e-40	5.28281e-46	2.42842e-51	1.4726e-56	1.1358e-61	1.07191e-66	1.19363e-71	1.49971e-76	1.97095e-81	2.35969e-86	1.88811e-91
1319588	0.112374	0.87041	0.0172043	1.12949e-05	7.55581e-10	1.04939e-14	5.0857e-20	1.32912e-25	2.71247e-31	5.7169e-37	1.47632e-42	5.0495e-48	2.32488e-53	1.41252e-58	1.09173e-63	1.03263e-68	1.15269e-73	1.45204e-78	1.91345e-83	2.29718e-88	1.84332e-93
1335180	0.084633	0.888641	0.0266988	2.68443e-05	2.71172e-09	5.49748e-14	3.67499e-19	1.22633e-24	2.93441e-30	6.7343e-36	1.80143e-41	6.2193e-47	2.86153e-52	1.73292e-57	1.33471e-62	1.25832e-67	1.40027e-72	1.75857e-77	2.31032e-82	2.76486e-87	2.21123e-92
1345843	0.0904454	0.86429	0.0451681	9.63058e-05	2.28821e-08	1.16343e-12	2.02039e-17	1.75564e-22	1.05841e-27	5.74792e-33	3.34529e-38	2.27404e-43	1.84683e-48	1.76892e-53	1.94992e-58	2.43053e-63	3.40258e-68	5.2683e-73	8.5125e-78	1.25608e-82	1.24194e-87
1358017	0.238236	0.748871	0.0128836	9.14273e-06	7.41704e-10	1.34382e-14	8.80854e-20	3.08605e-25	8.04686e-31	2.04262e-36	6.07871e-42	2.33718e-47	1.19344e-52	7.97143e-58	6.72547e-63	6.90025e-68	8.30699e-73	1.12282e-77	1.58073e-82	2.01969e-87	1.71886e-92
1370576	0.09305	0.870844	0.0360598	4.6309e-05	5.39779e-09	1.19049e-13	8.4278e-19	2.90928e-24	6.97507e-30	1.56265e-35	4.0668e-41	1.3868e-46	6.42356e-52	3.97622e-57	3.16398e-62	3.10425e-67	3.61374e-72	4.76888e-77	6.61251e-82	8.38853e-87	7.13938e-92
1381373	0.0988577	0.866711	0.034383	4.84457e-05	7.15466e-09	2.2886e-13	2.59348e-18	1.46061e-23	5.29561e-29	1.56159e-34	4.68735e-40	1.71903e-45	8.4624e-51	5.62996e-56	4.8731e-61	5.23776e-66	6.70019e-71	9.72741e-76	1.48484e-80	2.07388e-85	1.94195e-90
1381373	0.0988588	0.866696	0.0343962	4.8819e-05	7.54404e-09	2.7455e-13	3.85274e-18	2.79138e-23	1.26805e-28	4.24696e-34	1.2405e-39	3.83093e-45	1.51039e-50	8.3976e-56	6.45977e-61	6.43158e-66	7.80101e-71	1.08942e-75	1.61674e-80	2.2134e-85	2.04326e-90
